978 65536 0 0
982 65664 0 0
986 65792 0 0
990 65920 0 0
993 66048 0 0
997 66176 0 0
1001 66304 0 0
1005 66432 0 0
1008 66560 0 0
1012 66688 0 0
1016 66816 0 0
1020 66944 0 0
1023 67072 0 0
1027 67200 0 0
1031 67328 0 0
1035 67456 0 0
1038 67584 0 0
1042 67712 0 0
1046 67840 0 0
1050 67968 0 0
1053 68096 0 0
1057 68224 0 0
1061 68352 0 0
1065 68480 0 0
1068 68608 0 0
1072 68736 0 0
1076 68864 0 0
1080 68992 0 0
1083 69120 0 0
1087 69248 0 0
1091 69376 0 0
1095 69504 0 0
1098 69632 0 0
1102 69760 0 0
1106 69888 0 0
1110 70016 0 0
1113 70144 0 0
1117 70272 0 0
1121 70400 0 0
1125 70528 0 0
1128 70656 0 0
1132 70784 0 0
1136 70912 0 0
1140 71040 0 0
1143 71168 0 0
1147 71296 0 0
1151 71424 0 0
1155 71552 0 0
1158 71680 0 0
1162 71808 0 0
1166 71936 0 0
1170 72064 0 0
1173 72192 0 0
1177 72320 0 0
1181 72448 0 0
1185 72576 0 0
1188 72704 0 0
1192 72832 0 0
1196 72960 0 0
1200 73088 0 0
1203 73216 0 0
1207 73344 0 0
1211 73472 0 0
1215 73600 0 0
1218 73728 0 0
1222 73856 0 0
1226 73984 0 0
1230 74112 0 0
1233 74240 0 0
1237 74368 0 0
1241 74496 0 0
1245 74624 0 0
1248 74752 0 0
1252 74880 0 0
1256 75008 0 0
1260 75136 0 0
1263 75264 0 0
1267 75392 0 0
1271 75520 0 0
1275 75648 0 0
1278 75776 0 0
1282 75904 0 0
1286 76032 0 0
1290 76160 0 0
1293 76288 0 0
1297 76416 0 0
1301 76544 0 0
1305 76672 0 0
1308 76800 0 0
1312 76928 0 0
1316 77056 0 0
1320 77184 0 0
1323 77312 0 0
1327 77440 0 0
1331 77568 0 0
1335 77696 0 0
1338 77824 0 0
1342 77952 0 0
1346 78080 0 0
1350 78208 0 0
1353 78336 0 0
1357 78464 0 0
1361 78592 0 0
1365 78720 0 0
1368 78848 0 0
1372 78976 0 0
1376 79104 0 0
1380 79232 0 0
1383 79360 0 0
1387 79488 0 0
1391 79616 0 0
1395 79744 0 0
1398 79872 0 0
1402 80000 0 0
1406 80128 0 0
1410 80256 0 0
1413 80384 0 0
1417 80512 0 0
1421 80640 0 0
1425 80768 0 0
1428 80896 0 0
1432 81024 0 0
1436 81152 0 0
1440 81280 0 0
1443 81408 0 0
1447 81536 0 0
1451 81664 0 0
1455 81792 0 0
1458 81920 0 0
1462 82048 0 0
1466 82176 0 0
1470 82304 0 0
1473 82432 0 0
1477 82560 0 0
1481 82688 0 0
1485 82816 0 0
1488 82944 0 0
1492 83072 0 0
1496 83200 0 0
1500 83328 0 0
1503 83456 0 0
1507 83584 0 0
1511 83712 0 0
1515 83840 0 0
1518 83968 0 0
1522 84096 0 0
1526 84224 0 0
1530 84352 0 0
1533 84480 0 0
1537 84608 0 0
1541 84736 0 0
1545 84864 0 0
1548 84992 0 0
1552 85120 0 0
1556 85248 0 0
1560 85376 0 0
1563 85504 0 0
1567 85632 0 0
1571 85760 0 0
1575 85888 0 0
1578 86016 0 0
1582 86144 0 0
1586 86272 0 0
1590 86400 0 0
1593 86528 0 0
1597 86656 0 0
1601 86784 0 0
1605 86912 0 0
1608 87040 0 0
1612 87168 0 0
1616 87296 0 0
1620 87424 0 0
1623 87552 0 0
1627 87680 0 0
1631 87808 0 0
1635 87936 0 0
1638 88064 0 0
1642 88192 0 0
1646 88320 0 0
1650 88448 0 0
1653 88576 0 0
1657 88704 0 0
1661 88832 0 0
1665 88960 0 0
1668 89088 0 0
1672 89216 0 0
1676 89344 0 0
1680 89472 0 0
1683 89600 0 0
1687 89728 0 0
1691 89856 0 0
1695 89984 0 0
1698 90112 0 0
1702 90240 0 0
1706 90368 0 0
1710 90496 0 0
1713 90624 0 0
1717 90752 0 0
1721 90880 0 0
1725 91008 0 0
1728 91136 0 0
1732 91264 0 0
1736 91392 0 0
1740 91520 0 0
1743 91648 0 0
1747 91776 0 0
1751 91904 0 0
1755 92032 0 0
1758 92160 0 0
1762 92288 0 0
1766 92416 0 0
1770 92544 0 0
1773 92672 0 0
1777 92800 0 0
1781 92928 0 0
1785 93056 0 0
1788 93184 0 0
1792 93312 0 0
1796 93440 0 0
1800 93568 0 0
1803 93696 0 0
1807 93824 0 0
1811 93952 0 0
1815 94080 0 0
1818 94208 0 0
1822 94336 0 0
1826 94464 0 0
1830 94592 0 0
1833 94720 0 0
1837 94848 0 0
1841 94976 0 0
1845 95104 0 0
1848 95232 0 0
1852 95360 0 0
1856 95488 0 0
1860 95616 0 0
1863 95744 0 0
1867 95872 0 0
1871 96000 0 0
1875 96128 0 0
1878 96256 0 0
1882 96384 0 0
1886 96512 0 0
1890 96640 0 0
1893 96768 0 0
1897 96896 0 0
1901 97024 0 0
1905 97152 0 0
1908 97280 0 0
1912 97408 0 0
1916 97536 0 0
1920 97664 0 0
1923 97792 0 0
1927 97920 0 0
1931 98048 0 0
1935 98176 0 0
